% -------------------------------------------------------------------
%  Generated by MATLAB on 23-Jun-2019 19:52:24
%  MATLAB version: 9.5.0.944444 (R2018b)
% -------------------------------------------------------------------
                             

A1 = 1;

A2 = 1;

K = 0;

Km = 0;

Kn = 0;

Mn = 2.14;

T1 = 0;

T2 = 0;

Te = 0;

Tm = 0;

dt = 0;

dx = 0;

max = 0;

min = 0;

omega1 = 0;

omega2 = 0;

target = 180;

