% -------------------------------------------------------------------
%  Generated by MATLAB on 23-Jun-2019 20:10:51
%  MATLAB version: 9.5.0.944444 (R2018b)
% -------------------------------------------------------------------
                              

A1 = 0.20933333333333334;

A2 = 0.033052631578947368;

K = 324.32432432432432;

Km = 3.29;

Kn = 3.7;

Mn = 2.14;

T1 = 1.08;

T2 = 0.0001;

Te = 0.1;

Tm = 1.08;

dt = 0.6;

dx = 3.14;

max = 3.14;

min = -3.14;

omega1 = 1.005;

omega2 = 6.28;

target = 3.14;

