A1 = 0.20933333333333334;
A2 = 0.033052631578947368;
K = 700;
Km = 3.29;
Kn = 3.7;
Mn = 2.14;
T1 = 0.05;
T2 = 5E-5;
Te = 0.0001;
Tm = 1.08;
Tpwm = 6.25E-5;
U = 27;
dangle = 0.000383;
dt = 0.6;
dx = 3.14;
max = 3.14;
min = -3.14;
omega1 = 1.005;
omega2 = 6.28;
target = 3.14;
w = 0.20933333333333334;