% -------------------------------------------------------------------
%  Generated by MATLAB on 20-Aug-2019 14:28:33
%  MATLAB version: 9.5.0.944444 (R2018b)
% -------------------------------------------------------------------
                                

A01 = 0.209333333333333;

A1 = 0.035;

A2 = 0.21;

Ai = 0;

Fi = 0;

K = 1000;

Km = 3.29;

Kn = 3.7;

Mn = 0.08;

T1 = 0.05;

T2 = 0.0005;

Te = 0.0001;

Tm = 1.08;

Tpwm = 6.25E-5;

U = 27;

dangle = 0.000383;

omega1 = 6.28;

omega2 = 1.005;

target = 3.14;

