% -------------------------------------------------------------------
%  Generated by MATLAB on 24-Aug-2019 21:18:15
%  MATLAB version: 9.5.0.944444 (R2018b)
% -------------------------------------------------------------------
                                  

A1 = 0.20933333333333334;

A2 = 0.033052631578947368;

Ce = 0.27;

Cm = 0.36;

Jsumm = 7.5E-6;

K = 1000;

Kf = 0.1;

Km = 3.29;

Kn = 3.7;

L = 0.032;

Mn = 0.08;

R = 0.32;

T1 = 0.05;

T2 = 0.0001;

Te = 0.1;

Tm = 1.08;

Tpwm = 6.25E-5;

U = 27;

a = 0;

b = -2.0943951023931948;

c = 2.0943951023931948;

dt = 0.6;

dx = 3.14;

max = 3.14;

min = -3.14;

omega1 = 1.005;

omega2 = 6.28;

poles = 8;

target = 3.14;

w = 0.20933333333333334;

