	A1 = 0.20933333333333334;
	A2 = 0.033052631578947368;
	K = 150;
	Km = 33.68;
	Kn = 8.33;
	Mn = 0.25;
	T1 = 1.08;
	T2 = 0.0001;
	Te = 0.0004;
	Tm = 0.2913;
	dt = 0.6;
	dx = 1.57;
	max = 0.523;
	min = -1.046;
	omega1 = 1.005;
	omega2 = 6.28;
	target = -1.046;