A1 = 0.20933333333333334;
A2 = 0.033052631578947368;
K = 150;
Km = 33.68;
Kn = 8.33;
Mn = 0.25;
T1 = 0.05;
T2 = 0.00005;
Te = 0.0004;
Tm = 0.2913;
Tpwm = 6.25E-5;
U = 27;
dangle = 0.000383;
dt = 0.6;
dx = 1.57;
max = 0.523;
min = -1.046;
omega1 = 1.005;
omega2 = 6.28;
target = -1.046;
w = 0.20933333333333334;