% -------------------------------------------------------------------
%  Generated by MATLAB on 20-Aug-2019 20:58:59
%  MATLAB version: 9.5.0.944444 (R2018b)
% -------------------------------------------------------------------
                                

A01 = 0.209333333333333;

A1 = 0.035;

A2 = 0.21;

Ai = 0.34888888888888886;

Fi = 12.56;

K = 360;

Km = 33.68;

Kn = 8.33;

Mn = 0.08;

T1 = 0.05;

T2 = 0.0005;

Te = 0.0004;

Tm = 0.29;

Tpwm = 6.25E-5;

U = 27;

dangle = 0.000383;

omega1 = 6.28;

omega2 = 1.005;

target_ = 3.14;

